-00000111 1
-00001011 1
-00010011 1
-00100011 1
-01000011 1
-10000011 1
-00001101 1
-00010101 1
-00100101 1
-01000101 1
-10000101 1
-00011001 1
-00101001 1
-01001001 1
-10001001 1
-00110001 1
-01010001 1
-10010001 1
-01100001 1
-10100001 1
-11000001 1
-00001110 1
-00010110 1
-00100110 1
-01000110 1
-10000110 1
-00011010 1
-00101010 1
-01001010 1
-10001010 1
-00110010 1
-01010010 1
-10010010 1
-01100010 1
-10100010 1
-11000010 1
-00011100 1
-00101100 1
-01001100 1
-10001100 1
-00110100 1
-01010100 1
-10010100 1
-01100100 1
-10100100 1
-11000100 1
-00111000 1
-01011000 1
-10011000 1
-01101000 1
-10101000 1
-11001000 1
-01110000 1
-10110000 1
-11010000 1
-11100000 1
1-0000011 1
1-0000101 1
1-0001001 1
1-0010001 1
1-0100001 1
11-000001 1
1-1000001 1
1-0000110 1
1-0001010 1
1-0010010 1
1-0100010 1
11-000010 1
1-1000010 1
1-0001100 1
1-0010100 1
1-0100100 1
11-000100 1
1-1000100 1
1-0011000 1
1-0101000 1
11-001000 1
1-1001000 1
1-0110000 1
11-010000 1
1-1010000 1
111-00000 1
11-100000 1
1-1100000 1
