.i 10
.o 1
0100000000 0
0000100000 0
0000010000 0
1000000000 0
0010000000 0
0001000000 0
0000001000 0
1000000000 0
0001000000 0
0100000000 0
0000100000 0
0000010000 0
0010000000 0
0000001000 0
0100000001 0
0000100001 0
0000010001 0
1000000001 0
0010000001 0
0001000001 0
0000001001 0
1000000001 0
0001000001 0
0100000001 0
0000100001 0
0000010001 0
0010000001 0
0000001001 0
0000100010 0
0000010010 0
0000001010 0
1000000010 0
0100000010 0
0010000010 0
0001000010 0
0100000010 1
0001000010 1
1000000010 0
0010000010 0
0000100010 0
0000010010 0
0000001010 0
0000100011 0
0000010011 0
0000001011 0
1000000011 0
0010000011 0
0100000011 0
0001000011 0
0100000011 1
0001000011 1
1000000011 0
0010000011 0
0000100011 1
0000010011 1
0000001011 1
0100000100 0
0000100100 0
1000000100 0
0010000100 0
0001000100 0
0000010100 0
0000001100 0
0100000100 1
0000100100 1
1000000100 0
0010000100 0
0001000100 1
0000010100 1
0000001100 1
0100000101 0
0000100101 0
1000000101 0
0010000101 0
0001000101 0
0000010101 0
0000001101 0
1000000101 0
0001000101 0
0100000101 1
0000100101 1
0010000101 0
0000001101 0
0000010101 1
0100000110 0
0000100110 0
0000010110 0
0000001110 0
1000000110 0
0010000110 0
0001000110 0
0100000110 0
1000000110 0
0010000110 0
0000100110 0
0000010110 0
0000001110 0
0001000110 1
0100000111 0
0000100111 0
0000010111 0
0000001111 0
1000000111 0
0010000111 0
0001000111 0
0100000111 0
1000000111 0
0010000111 0
0001000111 0
0000100111 1
0000010111 1
0000001111 1
11-------- -
1-1------- -
1--1------ -
1---1----- -
1----1---- -
1-----1--- -
0000000--- -
-11------- -
-1-1------ -
-1--1----- -
-1---1---- -
-1----1--- -
--11------ -
--1-1----- -
--1--1---- -
--1---1--- -
---11----- -
---1-1---- -
---1--1--- -
----11---- -
----1-1--- -
-----11--- -
